2;4;6;8;10;12;14;16;18;20;22;24;26;28;30;32;34;36;38;19;21
2;3;4;5;6;7;8;9;10;14;15;16;17;18;19;20;21;22;23;20;22
122;123;124;125;126;127;128;129;130;131;132;133;134;135;136;137;138;139;140;21;142
123;124;125;126;127;128;129;130;131;132;133;134;135;136;137;138;139;140;141;22;143
164;165;166;167;168;169;170;171;172;173;174;175;176;177;178;179;180;181;182;23;184
20;21;22;23;24;25;26;27;28;29;30;31;32;33;34;35;36;37;38;24;40
21;22;23;24;25;26;27;28;29;30;31;32;33;34;35;36;37;38;39;25;41
57;58;59;60;61;62;63;64;65;66;67;68;69;70;71;72;73;74;75;26;77
9;10;11;12;13;14;15;16;17;18;19;20;21;22;23;24;25;26;27;27;29
12;13;14;15;16;17;18;19;20;21;22;23;24;25;26;27;28;29;30;28;32
13;14;15;16;17;18;19;20;21;22;23;24;25;26;27;28;29;30;31;29;33
12;13;14;15;16;17;18;19;20;21;22;23;24;25;26;27;28;29;30;30;32
12;13;14;15;16;17;18;19;20;21;22;23;24;25;26;27;28;29;30;31;32
33;34;35;36;37;38;39;40;41;42;43;44;45;46;47;48;49;50;51;32;53
14;15;16;17;18;19;20;21;22;23;24;25;26;27;28;29;30;31;32;33;34
15;16;17;18;19;20;21;22;23;24;25;26;27;28;29;30;31;32;33;34;35
316;317;318;319;320;321;322;323;324;325;326;327;328;329;330;331;332;333;334;35;336
18;19;20;21;22;23;24;25;26;27;28;29;30;31;32;33;34;35;36;36;38
18;19;20;21;22;23;24;25;26;27;28;29;30;31;32;33;34;35;36;37;38
79;80;81;82;83;84;85;86;87;88;89;90;91;92;93;94;95;96;97;38;99
22;23;24;25;26;27;28;29;30;31;32;33;34;35;36;37;38;39;40;39;42
21;22;23;24;25;26;27;28;29;30;31;32;33;34;35;36;37;38;39;40;41
22;23;24;25;26;27;28;29;30;31;32;33;34;35;36;37;38;39;40;41;42
23;24;25;26;27;28;29;30;31;33;34;35;36;37;38;39;40;41;42;42;43
26;27;28;29;30;31;32;33;34;35;36;37;38;39;40;41;42;43;44;43;46
27;28;29;30;31;32;33;34;35;36;37;38;39;40;41;42;43;44;45;44;47
26;27;28;29;30;31;32;33;34;36;37;38;39;40;41;42;43;44;45;45;46
30;31;32;33;34;35;36;37;38;39;40;41;42;43;44;45;46;47;48;46;50
31;32;33;34;35;36;37;38;39;40;41;42;43;44;45;46;47;48;49;47;51
44;45;46;47;48;49;50;51;52;53;54;55;56;57;58;59;60;61;62;48;64
35;36;37;38;39;40;41;42;43;44;45;46;47;48;49;50;51;52;53;49;55
36;37;38;39;40;41;42;43;44;45;46;47;48;49;50;51;52;53;54;50;56
47;48;49;50;51;52;53;54;55;56;57;58;59;60;61;62;63;64;65;51;67
33;34;35;36;37;38;39;40;41;42;43;44;45;46;47;48;49;50;51;52;53
35;36;37;38;39;40;41;42;43;44;45;46;47;48;49;50;51;52;53;53;55
35;36;37;38;39;40;41;42;43;44;45;46;47;48;49;50;51;52;53;54;55
37;38;39;40;41;42;43;44;45;46;47;48;49;50;51;52;53;54;55;55;57
37;38;39;40;41;42;43;44;45;46;47;48;49;50;51;52;53;54;55;56;57
38;39;40;41;42;43;44;45;46;47;48;49;50;51;52;53;54;55;56;57;58
40;41;42;43;44;45;46;47;48;49;50;51;52;53;54;55;56;57;58;58;60
45;46;47;48;49;50;51;52;53;54;56;56;58;58;60;60;62;62;64;59;65
46;47;48;49;50;51;52;53;54;55;58;57;60;59;62;61;64;63;66;60;66
51;52;53;54;55;56;57;58;59;58;58;60;60;62;62;64;64;66;66;61;71
43;44;45;46;47;48;49;50;51;52;53;54;55;56;57;58;59;60;61;62;63
45;46;47;48;49;50;51;52;53;54;55;56;57;58;59;60;61;62;63;63;65
45;46;47;48;49;50;51;52;53;54;55;56;57;58;59;60;61;62;63;64;65
46;47;48;49;50;51;52;53;54;55;56;57;58;59;60;61;62;63;64;65;66
47;48;49;50;51;52;53;54;55;56;57;58;59;60;61;62;63;64;65;66;67
48;49;50;51;52;53;54;55;56;57;58;59;60;61;62;63;64;65;66;67;68
49;50;51;52;53;54;55;56;57;58;59;60;61;62;63;64;65;66;67;68;69
50;51;52;53;54;55;56;57;58;59;60;61;62;63;64;65;66;67;68;69;70
51;52;53;54;55;56;57;58;59;60;61;62;63;64;65;66;67;68;69;70;71
52;53;54;55;56;57;58;59;60;61;62;63;64;65;66;67;68;69;70;71;72
53;54;55;56;57;58;59;60;61;62;63;64;65;66;67;68;69;70;71;72;73
55;56;57;58;59;60;61;62;63;64;65;66;67;68;69;70;71;72;73;73;75
57;59;60;61;62;65;66;67;68;64;65;66;67;68;69;70;71;72;73;74;77
59;62;63;66;67;70;71;75;76;65;66;67;68;69;70;71;72;73;74;75;79
60;63;64;67;68;71;72;76;77;66;67;68;69;70;71;72;73;74;75;76;80
61;64;65;68;69;72;73;77;78;67;68;69;70;71;72;73;74;75;76;77;81
59;60;61;62;63;64;65;66;67;68;69;70;71;72;73;74;75;76;77;78;79
63;64;66;66;68;68;70;70;72;69;70;71;72;73;74;75;76;77;78;79;82
64;65;67;67;69;69;71;71;73;70;71;72;73;74;75;76;77;78;79;80;83
65;66;68;68;70;70;72;72;74;71;72;73;74;75;76;77;78;79;80;81;84
63;64;65;66;67;68;69;70;71;74;76;79;82;85;89;93;97;101;81;82;83
64;65;66;67;68;69;70;71;72;75;77;80;83;86;90;94;98;102;82;83;84
65;66;67;68;69;70;71;72;73;76;78;81;84;87;91;95;99;103;83;84;85
66;67;68;69;70;71;72;73;74;75;76;77;78;79;80;81;82;83;84;85;86
67;68;69;70;71;72;73;74;75;76;77;78;79;80;81;82;83;84;85;86;87
68;69;70;71;72;73;74;75;76;77;78;79;80;81;82;83;84;85;86;87;88
69;70;71;72;73;74;75;76;77;78;79;80;81;82;83;84;85;86;87;88;89
73;74;75;76;77;78;79;80;81;82;83;84;85;86;87;88;89;90;91;89;93
71;72;73;74;75;76;77;78;79;80;81;82;83;84;85;86;87;88;89;90;91
72;73;74;75;76;77;78;79;80;81;82;83;84;85;86;87;88;89;90;91;92
73;74;75;76;77;78;79;80;81;83;84;85;86;87;88;89;90;91;92;92;93
74;75;76;77;78;79;80;81;82;83;84;85;86;87;88;89;90;91;92;93;94
75;76;77;78;79;80;81;82;83;84;85;86;87;88;89;90;91;92;93;94;95
76;77;78;79;80;81;82;83;84;85;86;87;88;89;90;91;92;93;94;95;96
85;84;87;86;89;88;91;90;93;86;87;88;89;90;91;92;93;94;95;96;103
84;87;86;89;88;91;90;93;92;87;88;89;90;91;92;93;94;95;96;97;106
79;80;81;82;83;84;85;86;87;88;89;90;91;92;93;94;95;96;97;98;99
84;84;86;86;88;88;90;90;92;89;90;91;92;93;94;95;96;97;98;99;103
85;85;87;87;89;89;91;91;93;90;91;92;93;94;95;96;97;98;99;100;104
82;83;84;85;86;87;88;89;90;91;92;93;94;95;96;97;98;99;100;101;102
84;85;86;87;88;89;90;91;92;92;93;94;95;96;97;98;99;100;101;102;104
85;86;87;88;89;90;91;92;93;93;94;95;96;97;98;99;100;101;102;103;105
85;86;87;88;89;90;91;92;93;94;95;96;97;98;99;100;101;102;103;104;105
92;91;94;93;96;95;98;97;100;95;96;97;98;99;100;101;102;103;104;105;110
91;92;93;94;95;96;97;98;99;96;97;98;99;100;101;102;103;104;105;106;111
88;89;90;91;92;93;94;95;96;97;98;99;100;101;102;103;104;105;106;107;108
92;93;94;95;96;97;98;99;100;98;99;100;101;102;103;104;105;106;107;108;112
90;91;92;93;94;95;96;97;98;99;100;101;102;103;104;105;106;107;108;109;110
91;92;93;94;95;96;97;98;99;100;101;102;103;104;105;106;107;108;109;110;111
92;93;94;95;96;97;98;99;100;101;102;103;104;105;106;107;108;109;110;111;112
93;94;95;96;97;98;99;100;101;102;103;104;105;106;107;108;109;110;111;112;113
94;95;96;97;98;99;100;101;102;103;104;105;106;107;108;109;110;111;112;113;114
95;96;97;98;99;100;101;102;103;104;105;106;107;108;109;110;111;112;113;114;115
96;97;98;99;100;101;102;103;104;105;106;107;108;109;110;111;112;113;114;115;116
97;98;99;100;101;102;103;104;105;106;107;108;109;110;111;112;113;114;115;116;117
98;99;100;101;102;103;104;105;106;107;108;109;110;111;112;113;114;115;116;117;118
99;100;101;102;103;104;105;106;107;108;109;110;111;112;113;114;115;116;117;118;119
100;101;102;103;104;105;106;107;108;109;110;111;112;113;114;115;116;117;118;119;120
101;102;103;104;105;106;107;108;109;111;112;113;114;115;116;117;118;119;120;120;121
102;103;104;105;106;107;108;109;110;171;172;173;174;175;176;177;178;179;180;121;122
103;104;105;106;107;108;109;110;111;115;116;117;118;119;120;121;122;123;124;122;123
104;105;106;107;108;109;110;111;112;253;254;255;256;257;258;259;260;261;262;123;124
105;106;107;108;109;110;111;112;113;116;117;118;119;120;121;122;123;124;125;124;125
106;107;108;109;110;111;112;113;114;285;286;287;288;289;290;291;292;293;294;125;126
107;108;109;110;111;112;113;114;115;116;117;118;119;120;121;122;123;124;125;126;127
108;109;110;111;112;113;114;115;116;317;318;319;320;321;322;323;324;325;326;127;128
109;110;111;112;113;114;115;116;117;116;117;118;119;120;121;122;123;124;125;128;129
110;111;112;113;114;115;116;117;118;359;360;361;362;363;364;365;366;367;368;129;130
111;112;113;114;115;116;117;118;119;116;117;118;119;120;121;122;123;124;125;130;131
112;113;114;115;116;117;118;119;120;122;123;124;125;126;127;128;129;130;131;131;132
113;114;115;116;117;118;119;120;121;137;138;139;140;141;142;143;144;145;146;132;133
114;115;116;117;118;119;120;121;122;131;132;133;134;135;136;137;138;139;140;133;134
115;116;117;118;119;120;121;122;123;124;125;126;127;128;129;130;131;132;133;134;135
116;117;118;119;120;121;122;123;124;140;141;142;143;144;145;146;147;148;149;135;136
117;118;119;120;121;122;123;124;125;144;145;146;147;148;149;150;151;152;153;136;137
118;119;120;121;122;123;124;125;126;127;128;129;130;131;132;133;134;135;136;137;138
119;120;121;122;123;124;125;126;127;129;130;131;132;133;134;135;136;137;138;138;139
120;121;122;123;124;125;126;127;128;130;131;132;133;134;135;136;137;138;139;139;140
121;122;123;124;125;126;127;128;129;150;151;152;153;154;155;156;157;158;159;140;141
122;123;124;125;126;127;128;129;130;131;132;133;134;135;136;137;138;139;140;141;142
123;124;125;126;127;128;129;130;131;138;141;140;143;142;145;144;147;146;149;142;143
124;125;126;127;128;129;130;131;132;136;138;138;140;140;142;142;144;144;146;143;144
125;126;127;128;129;130;131;132;133;135;136;137;138;139;140;141;142;143;144;144;145
126;127;128;129;130;131;132;133;134;139;142;141;144;143;146;145;148;147;150;145;146
127;128;129;130;131;132;133;134;135;137;138;139;140;141;142;143;144;145;146;146;147
128;129;130;131;132;133;134;135;136;137;138;139;140;141;142;143;144;145;146;147;148
129;130;131;132;133;134;135;136;137;178;179;180;181;182;183;184;185;186;187;148;149
130;131;132;133;134;135;136;137;138;199;200;201;202;203;204;205;206;207;208;149;150
131;132;133;134;135;136;137;138;139;180;181;182;183;184;185;186;187;188;189;150;151
132;133;134;135;136;137;138;139;140;201;202;203;204;205;206;207;208;209;210;151;152
133;134;135;136;137;138;139;140;141;162;163;164;165;166;167;168;169;170;171;152;153
134;135;136;137;138;139;140;141;142;223;224;225;226;227;228;229;230;231;232;153;154
135;136;137;138;139;140;141;142;143;144;145;146;147;148;149;150;151;152;153;154;155
146;147;148;149;150;151;152;153;154;155;156;157;158;159;160;161;162;163;164;155;166
147;148;149;150;151;152;153;154;155;156;157;158;159;160;161;162;163;164;165;156;167
150;151;152;153;154;155;156;157;158;159;160;161;162;163;164;165;166;167;168;157;170
162;163;164;165;166;167;168;169;170;171;172;173;174;175;176;177;178;179;180;158;182
163;164;165;166;167;168;169;170;171;172;173;174;175;176;177;178;179;180;181;159;183
160;161;162;163;164;165;166;167;168;169;170;171;172;173;174;175;176;177;178;160;180
165;166;167;168;169;170;171;172;173;174;175;176;177;178;179;180;181;182;183;161;185
166;167;168;169;170;171;172;173;174;175;176;177;178;179;180;181;182;183;184;162;186
164;165;166;167;168;169;170;171;172;173;174;175;176;177;178;179;180;181;182;163;184
150;151;152;153;154;155;156;157;158;159;160;161;162;163;164;165;166;167;168;164;170
151;152;153;154;155;156;157;158;159;160;161;162;163;164;165;166;167;168;169;165;171
163;164;165;166;167;168;169;170;171;172;173;174;175;176;177;178;179;180;181;166;183
148;149;150;151;152;153;154;155;156;157;158;159;160;161;162;163;164;165;166;167;168
149;150;151;152;153;154;155;156;157;158;159;160;161;162;163;164;165;166;167;168;169
150;151;152;153;154;155;156;157;158;159;160;161;162;163;164;165;166;167;168;169;170
151;152;153;154;155;156;157;158;159;160;161;162;163;164;165;166;167;168;169;170;171
152;153;154;155;156;157;158;159;160;161;162;163;164;165;166;167;168;169;170;171;172
153;154;155;156;157;158;159;160;161;162;163;164;165;166;167;168;169;170;171;172;173
154;155;156;157;158;159;160;161;162;163;164;165;166;167;168;169;170;171;172;173;174
155;156;157;158;159;160;161;162;163;164;165;166;167;168;169;170;171;172;173;174;175
156;157;158;159;160;161;162;163;164;165;166;167;168;169;170;171;172;173;174;175;176
1529;1530;1531;1532;1533;1534;1535;1536;1537;1538;1539;1540;1541;1542;1543;1544;1545;1546;1547;176;1549
464;465;466;467;468;469;470;471;472;473;474;475;476;477;478;479;480;481;482;177;484
177;178;179;180;181;182;183;184;185;186;187;188;189;190;191;192;193;194;195;178;197
